4294967279,466
4294967279,465
4294967294,439
191,6
191,5
191,4
191,3
191,2
191,1
190,4
190,3
190,2
190,1
4294967294,1087
189,4
189,3
189,2
189,1
188,5
188,4
188,3
188,2
188,1
187,4
187,3
187,2
187,1
4294967278,397
186,6
186,5
186,4
186,3
186,2
186,1
185,4
185,3
185,2
185,1
184,4
184,3
184,2
184,1
183,5
183,4
183,3
183,2
183,1
4294967294,1422
182,4
182,3
182,2
182,1
181,6
181,5
181,4
181,3
181,2
181,1
180,4
180,3
180,2
180,1
179,4
179,3
179,2
179,1
178,5
178,4
178,3
178,2
178,1
177,4
177,3
177,2
177,1
4294967279,464
176,6
176,5
176,4
176,3
176,2
176,1
4294967278,396
175,4
175,3
175,2
175,1
174,4
174,3
174,2
174,1
173,5
173,4
173,3
173,2
173,1
172,4
172,3
172,2
172,1
4294967294,1420
171,6
171,5
171,4
171,3
171,2
171,1
170,4
170,3
170,2
170,1
169,4
169,3
169,2
169,1
168,5
168,4
168,3
168,2
168,1
167,4
167,3
167,2
167,1
166,6
166,5
166,4
166,3
166,2
166,1
165,4
165,3
165,2
165,1
164,4
164,3
164,2
164,1
163,5
163,4
163,3
163,2
163,1
162,4
162,3
162,2
162,1
4294967279,463
161,6
161,5
161,4
161,3
161,2
161,1
160,4
160,3
160,2
160,1
159,4
159,3
159,2
159,1
4294967279,462
158,5
158,4
158,3
158,2
158,1
157,4
157,3
157,2
157,1
4294967294,1421
4294967279,461
156,6
156,5
156,4
156,3
156,2
156,1
155,4
155,3
155,2
155,1
154,4
154,3
154,2
154,1
153,5
4294967279,460
153,4
153,3
153,2
153,1
152,4
152,3
152,2
152,1
151,6
151,5
151,4
151,3
151,2
151,1
150,4
150,3
150,2
150,1
149,4
149,3
149,2
149,1
148,5
148,4
148,3
148,2
148,1
147,4
147,3
147,2
147,1
146,6
146,5
146,4
146,3
146,2
146,1
145,4
145,3
145,2
145,1
144,4
144,3
144,2
144,1
143,5
143,4
143,3
143,2
143,1
142,4
142,3
142,2
142,1
4294967279,459
4294967279,458
141,6
4294967294,1426
141,5
141,4
141,3
141,2
141,1
140,4
140,3
140,2
140,1
4294967294,1423
139,4
139,3
139,2
139,1
138,5
138,4
138,3
138,2
138,1
137,4
137,3
137,2
137,1
136,6
4294967294,1425
4294967294,1424
136,5
136,4
136,3
136,2
136,1
135,4
135,3
135,2
135,1
134,4
134,3
134,2
134,1
133,5
133,4
133,3
133,2
133,1
132,4
132,3
132,2
132,1
4294967294,1216
131,6
131,5
131,4
131,3
131,2
131,1
130,4
130,3
130,2
130,1
129,4
129,3
129,2
129,1
128,5
128,4
128,3
128,2
128,1
127,4
127,3
127,2
127,1
4294967294,1241
4294967279,256
4294967294,473
4294967294,1166
4294967278,392
4294967293,131
4294967293,130
4294967293,129
4294967293,128
4294967293,127
4294967293,126
4294967293,125
4294967293,124
4294967293,123
4294967293,122
4294967293,121
4294967293,120
4294967293,119
4294967293,118
4294967293,117
4294967293,116
4294967293,115
4294967293,114
4294967293,113
4294967293,112
4294967293,111
4294967293,110
4294967293,109
4294967293,108
4294967293,107
4294967293,106
4294967293,105
4294967293,104
4294967293,103
4294967293,102
4294967293,101
4294967293,100
4294967293,99
4294967293,98
4294967293,97
4294967293,96
4294967293,95
4294967293,94
4294967293,93
4294967293,92
4294967293,91
4294967293,90
4294967293,89
4294967293,88
4294967293,87
4294967293,86
4294967293,85
4294967293,84
4294967293,83
4294967293,82
4294967293,81
4294967293,80
4294967293,79
4294967293,78
4294967293,77
4294967293,76
4294967293,75
4294967293,74
4294967293,73
4294967293,72
4294967293,71
4294967293,70
4294967293,69
4294967293,68
4294967293,67
4294967293,66
4294967293,65
4294967293,64
4294967293,63
4294967293,62
4294967293,61
4294967293,60
4294967293,59
4294967293,58
4294967293,57
4294967293,56
4294967293,55
4294967293,54
4294967293,53
4294967293,52
4294967293,51
4294967293,50
4294967293,49
